solution :1
0 0 0 0 0 0 0 1 
0 0 0 1 0 0 0 0 
1 0 0 0 0 0 0 0 
0 0 1 0 0 0 0 0 
0 0 0 0 0 1 0 0 
0 1 0 0 0 0 0 0 
0 0 0 0 0 0 1 0 
0 0 0 0 1 0 0 0 

solution :2
0 0 0 0 0 0 0 1 
0 0 1 0 0 0 0 0 
1 0 0 0 0 0 0 0 
0 0 0 0 0 1 0 0 
0 1 0 0 0 0 0 0 
0 0 0 0 1 0 0 0 
0 0 0 0 0 0 1 0 
0 0 0 1 0 0 0 0 

solution :3
0 0 0 0 0 0 0 1 
0 1 0 0 0 0 0 0 
0 0 0 0 1 0 0 0 
0 0 1 0 0 0 0 0 
1 0 0 0 0 0 0 0 
0 0 0 0 0 0 1 0 
0 0 0 1 0 0 0 0 
0 0 0 0 0 1 0 0 

solution :4
0 0 0 0 0 0 0 1 
0 1 0 0 0 0 0 0 
0 0 0 1 0 0 0 0 
1 0 0 0 0 0 0 0 
0 0 0 0 0 0 1 0 
0 0 0 0 1 0 0 0 
0 0 1 0 0 0 0 0 
0 0 0 0 0 1 0 0 

solution :5
0 0 0 0 0 0 1 0 
0 0 0 0 1 0 0 0 
0 0 1 0 0 0 0 0 
1 0 0 0 0 0 0 0 
0 0 0 0 0 1 0 0 
0 0 0 0 0 0 0 1 
0 1 0 0 0 0 0 0 
0 0 0 1 0 0 0 0 

solution :6
0 0 0 0 0 0 1 0 
0 0 0 1 0 0 0 0 
0 1 0 0 0 0 0 0 
0 0 0 0 0 0 0 1 
0 0 0 0 0 1 0 0 
1 0 0 0 0 0 0 0 
0 0 1 0 0 0 0 0 
0 0 0 0 1 0 0 0 

solution :7
0 0 0 0 0 0 1 0 
0 0 0 1 0 0 0 0 
0 1 0 0 0 0 0 0 
0 0 0 0 1 0 0 0 
0 0 0 0 0 0 0 1 
1 0 0 0 0 0 0 0 
0 0 1 0 0 0 0 0 
0 0 0 0 0 1 0 0 

solution :8
0 0 0 0 0 0 1 0 
0 0 1 0 0 0 0 0 
0 0 0 0 0 0 0 1 
0 1 0 0 0 0 0 0 
0 0 0 0 1 0 0 0 
1 0 0 0 0 0 0 0 
0 0 0 0 0 1 0 0 
0 0 0 1 0 0 0 0 

solution :9
0 0 0 0 0 0 1 0 
0 0 1 0 0 0 0 0 
1 0 0 0 0 0 0 0 
0 0 0 0 0 1 0 0 
0 0 0 0 0 0 0 1 
0 0 0 0 1 0 0 0 
0 1 0 0 0 0 0 0 
0 0 0 1 0 0 0 0 

solution :10
0 0 0 0 0 0 1 0 
0 1 0 0 0 0 0 0 
0 0 0 0 0 1 0 0 
0 0 1 0 0 0 0 0 
1 0 0 0 0 0 0 0 
0 0 0 1 0 0 0 0 
0 0 0 0 0 0 0 1 
0 0 0 0 1 0 0 0 

solution :11
0 0 0 0 0 0 1 0 
0 1 0 0 0 0 0 0 
0 0 0 1 0 0 0 0 
1 0 0 0 0 0 0 0 
0 0 0 0 0 0 0 1 
0 0 0 0 1 0 0 0 
0 0 1 0 0 0 0 0 
0 0 0 0 0 1 0 0 

solution :12
0 0 0 0 0 0 1 0 
1 0 0 0 0 0 0 0 
0 0 1 0 0 0 0 0 
0 0 0 0 0 0 0 1 
0 0 0 0 0 1 0 0 
0 0 0 1 0 0 0 0 
0 1 0 0 0 0 0 0 
0 0 0 0 1 0 0 0 

solution :13
0 0 0 0 0 1 0 0 
0 0 0 0 0 0 0 1 
0 1 0 0 0 0 0 0 
0 0 0 1 0 0 0 0 
1 0 0 0 0 0 0 0 
0 0 0 0 0 0 1 0 
0 0 0 0 1 0 0 0 
0 0 1 0 0 0 0 0 

solution :14
0 0 0 0 0 1 0 0 
0 0 0 1 0 0 0 0 
0 0 0 0 0 0 1 0 
1 0 0 0 0 0 0 0 
0 0 0 0 0 0 0 1 
0 1 0 0 0 0 0 0 
0 0 0 0 1 0 0 0 
0 0 1 0 0 0 0 0 

solution :15
0 0 0 0 0 1 0 0 
0 0 0 1 0 0 0 0 
0 0 0 0 0 0 1 0 
1 0 0 0 0 0 0 0 
0 0 1 0 0 0 0 0 
0 0 0 0 1 0 0 0 
0 1 0 0 0 0 0 0 
0 0 0 0 0 0 0 1 

solution :16
0 0 0 0 0 1 0 0 
0 0 0 1 0 0 0 0 
0 1 0 0 0 0 0 0 
0 0 0 0 0 0 0 1 
0 0 0 0 1 0 0 0 
0 0 0 0 0 0 1 0 
1 0 0 0 0 0 0 0 
0 0 1 0 0 0 0 0 

solution :17
0 0 0 0 0 1 0 0 
0 0 0 1 0 0 0 0 
1 0 0 0 0 0 0 0 
0 0 0 0 1 0 0 0 
0 0 0 0 0 0 0 1 
0 1 0 0 0 0 0 0 
0 0 0 0 0 0 1 0 
0 0 1 0 0 0 0 0 

solution :18
0 0 0 0 0 1 0 0 
0 0 1 0 0 0 0 0 
0 0 0 0 0 0 1 0 
0 0 0 1 0 0 0 0 
1 0 0 0 0 0 0 0 
0 0 0 0 0 0 0 1 
0 1 0 0 0 0 0 0 
0 0 0 0 1 0 0 0 

solution :19
0 0 0 0 0 1 0 0 
0 0 1 0 0 0 0 0 
0 0 0 0 0 0 1 0 
0 1 0 0 0 0 0 0 
0 0 0 0 0 0 0 1 
0 0 0 0 1 0 0 0 
1 0 0 0 0 0 0 0 
0 0 0 1 0 0 0 0 

solution :20
0 0 0 0 0 1 0 0 
0 0 1 0 0 0 0 0 
0 0 0 0 0 0 1 0 
0 1 0 0 0 0 0 0 
0 0 0 1 0 0 0 0 
0 0 0 0 0 0 0 1 
1 0 0 0 0 0 0 0 
0 0 0 0 1 0 0 0 

solution :21
0 0 0 0 0 1 0 0 
0 0 1 0 0 0 0 0 
0 0 0 0 1 0 0 0 
0 0 0 0 0 0 0 1 
1 0 0 0 0 0 0 0 
0 0 0 1 0 0 0 0 
0 1 0 0 0 0 0 0 
0 0 0 0 0 0 1 0 

solution :22
0 0 0 0 0 1 0 0 
0 0 1 0 0 0 0 0 
0 0 0 0 1 0 0 0 
0 0 0 0 0 0 1 0 
1 0 0 0 0 0 0 0 
0 0 0 1 0 0 0 0 
0 1 0 0 0 0 0 0 
0 0 0 0 0 0 0 1 

solution :23
0 0 0 0 0 1 0 0 
0 0 1 0 0 0 0 0 
1 0 0 0 0 0 0 0 
0 0 0 0 0 0 0 1 
0 0 0 0 1 0 0 0 
0 1 0 0 0 0 0 0 
0 0 0 1 0 0 0 0 
0 0 0 0 0 0 1 0 

solution :24
0 0 0 0 0 1 0 0 
0 0 1 0 0 0 0 0 
1 0 0 0 0 0 0 0 
0 0 0 0 0 0 0 1 
0 0 0 1 0 0 0 0 
0 1 0 0 0 0 0 0 
0 0 0 0 0 0 1 0 
0 0 0 0 1 0 0 0 

solution :25
0 0 0 0 0 1 0 0 
0 0 1 0 0 0 0 0 
1 0 0 0 0 0 0 0 
0 0 0 0 0 0 1 0 
0 0 0 0 1 0 0 0 
0 0 0 0 0 0 0 1 
0 1 0 0 0 0 0 0 
0 0 0 1 0 0 0 0 

solution :26
0 0 0 0 0 1 0 0 
0 1 0 0 0 0 0 0 
0 0 0 0 0 0 1 0 
1 0 0 0 0 0 0 0 
0 0 0 1 0 0 0 0 
0 0 0 0 0 0 0 1 
0 0 0 0 1 0 0 0 
0 0 1 0 0 0 0 0 

solution :27
0 0 0 0 0 1 0 0 
0 1 0 0 0 0 0 0 
0 0 0 0 0 0 1 0 
1 0 0 0 0 0 0 0 
0 0 1 0 0 0 0 0 
0 0 0 0 1 0 0 0 
0 0 0 0 0 0 0 1 
0 0 0 1 0 0 0 0 

solution :28
0 0 0 0 0 1 0 0 
1 0 0 0 0 0 0 0 
0 0 0 0 1 0 0 0 
0 1 0 0 0 0 0 0 
0 0 0 0 0 0 0 1 
0 0 1 0 0 0 0 0 
0 0 0 0 0 0 1 0 
0 0 0 1 0 0 0 0 

solution :29
0 0 0 0 1 0 0 0 
0 0 0 0 0 0 0 1 
0 0 0 1 0 0 0 0 
1 0 0 0 0 0 0 0 
0 0 0 0 0 0 1 0 
0 1 0 0 0 0 0 0 
0 0 0 0 0 1 0 0 
0 0 1 0 0 0 0 0 

solution :30
0 0 0 0 1 0 0 0 
0 0 0 0 0 0 0 1 
0 0 0 1 0 0 0 0 
1 0 0 0 0 0 0 0 
0 0 1 0 0 0 0 0 
0 0 0 0 0 1 0 0 
0 1 0 0 0 0 0 0 
0 0 0 0 0 0 1 0 

solution :31
0 0 0 0 1 0 0 0 
0 0 0 0 0 0 1 0 
0 0 0 1 0 0 0 0 
1 0 0 0 0 0 0 0 
0 0 1 0 0 0 0 0 
0 0 0 0 0 0 0 1 
0 0 0 0 0 1 0 0 
0 1 0 0 0 0 0 0 

solution :32
0 0 0 0 1 0 0 0 
0 0 0 0 0 0 1 0 
0 1 0 0 0 0 0 0 
0 0 0 0 0 1 0 0 
0 0 1 0 0 0 0 0 
1 0 0 0 0 0 0 0 
0 0 0 0 0 0 0 1 
0 0 0 1 0 0 0 0 

solution :33
0 0 0 0 1 0 0 0 
0 0 0 0 0 0 1 0 
0 1 0 0 0 0 0 0 
0 0 0 0 0 1 0 0 
0 0 1 0 0 0 0 0 
1 0 0 0 0 0 0 0 
0 0 0 1 0 0 0 0 
0 0 0 0 0 0 0 1 

solution :34
0 0 0 0 1 0 0 0 
0 0 0 0 0 0 1 0 
0 1 0 0 0 0 0 0 
0 0 0 1 0 0 0 0 
0 0 0 0 0 0 0 1 
1 0 0 0 0 0 0 0 
0 0 1 0 0 0 0 0 
0 0 0 0 0 1 0 0 

solution :35
0 0 0 0 1 0 0 0 
0 0 0 0 0 0 1 0 
1 0 0 0 0 0 0 0 
0 0 0 1 0 0 0 0 
0 1 0 0 0 0 0 0 
0 0 0 0 0 0 0 1 
0 0 0 0 0 1 0 0 
0 0 1 0 0 0 0 0 

solution :36
0 0 0 0 1 0 0 0 
0 0 0 0 0 0 1 0 
1 0 0 0 0 0 0 0 
0 0 1 0 0 0 0 0 
0 0 0 0 0 0 0 1 
0 0 0 0 0 1 0 0 
0 0 0 1 0 0 0 0 
0 1 0 0 0 0 0 0 

solution :37
0 0 0 0 1 0 0 0 
0 0 1 0 0 0 0 0 
0 0 0 0 0 0 0 1 
0 0 0 1 0 0 0 0 
0 0 0 0 0 0 1 0 
1 0 0 0 0 0 0 0 
0 0 0 0 0 1 0 0 
0 1 0 0 0 0 0 0 

solution :38
0 0 0 0 1 0 0 0 
0 0 1 0 0 0 0 0 
1 0 0 0 0 0 0 0 
0 0 0 0 0 0 1 0 
0 1 0 0 0 0 0 0 
0 0 0 0 0 0 0 1 
0 0 0 0 0 1 0 0 
0 0 0 1 0 0 0 0 

solution :39
0 0 0 0 1 0 0 0 
0 0 1 0 0 0 0 0 
1 0 0 0 0 0 0 0 
0 0 0 0 0 1 0 0 
0 0 0 0 0 0 0 1 
0 1 0 0 0 0 0 0 
0 0 0 1 0 0 0 0 
0 0 0 0 0 0 1 0 

solution :40
0 0 0 0 1 0 0 0 
0 1 0 0 0 0 0 0 
0 0 0 0 0 0 0 1 
1 0 0 0 0 0 0 0 
0 0 0 1 0 0 0 0 
0 0 0 0 0 0 1 0 
0 0 1 0 0 0 0 0 
0 0 0 0 0 1 0 0 

solution :41
0 0 0 0 1 0 0 0 
0 1 0 0 0 0 0 0 
0 0 0 0 0 1 0 0 
1 0 0 0 0 0 0 0 
0 0 0 0 0 0 1 0 
0 0 0 1 0 0 0 0 
0 0 0 0 0 0 0 1 
0 0 1 0 0 0 0 0 

solution :42
0 0 0 0 1 0 0 0 
0 1 0 0 0 0 0 0 
0 0 0 1 0 0 0 0 
0 0 0 0 0 0 1 0 
0 0 1 0 0 0 0 0 
0 0 0 0 0 0 0 1 
0 0 0 0 0 1 0 0 
1 0 0 0 0 0 0 0 

solution :43
0 0 0 0 1 0 0 0 
0 1 0 0 0 0 0 0 
0 0 0 1 0 0 0 0 
0 0 0 0 0 1 0 0 
0 0 0 0 0 0 0 1 
0 0 1 0 0 0 0 0 
1 0 0 0 0 0 0 0 
0 0 0 0 0 0 1 0 

solution :44
0 0 0 0 1 0 0 0 
1 0 0 0 0 0 0 0 
0 0 0 0 0 0 0 1 
0 0 0 0 0 1 0 0 
0 0 1 0 0 0 0 0 
0 0 0 0 0 0 1 0 
0 1 0 0 0 0 0 0 
0 0 0 1 0 0 0 0 

solution :45
0 0 0 0 1 0 0 0 
1 0 0 0 0 0 0 0 
0 0 0 0 0 0 0 1 
0 0 0 1 0 0 0 0 
0 1 0 0 0 0 0 0 
0 0 0 0 0 0 1 0 
0 0 1 0 0 0 0 0 
0 0 0 0 0 1 0 0 

solution :46
0 0 0 0 1 0 0 0 
1 0 0 0 0 0 0 0 
0 0 0 1 0 0 0 0 
0 0 0 0 0 1 0 0 
0 0 0 0 0 0 0 1 
0 1 0 0 0 0 0 0 
0 0 0 0 0 0 1 0 
0 0 1 0 0 0 0 0 

solution :47
0 0 0 1 0 0 0 0 
0 0 0 0 0 0 0 1 
0 0 0 0 1 0 0 0 
0 0 1 0 0 0 0 0 
1 0 0 0 0 0 0 0 
0 0 0 0 0 0 1 0 
0 1 0 0 0 0 0 0 
0 0 0 0 0 1 0 0 

solution :48
0 0 0 1 0 0 0 0 
0 0 0 0 0 0 0 1 
1 0 0 0 0 0 0 0 
0 0 0 0 1 0 0 0 
0 0 0 0 0 0 1 0 
0 1 0 0 0 0 0 0 
0 0 0 0 0 1 0 0 
0 0 1 0 0 0 0 0 

solution :49
0 0 0 1 0 0 0 0 
0 0 0 0 0 0 0 1 
1 0 0 0 0 0 0 0 
0 0 1 0 0 0 0 0 
0 0 0 0 0 1 0 0 
0 1 0 0 0 0 0 0 
0 0 0 0 0 0 1 0 
0 0 0 0 1 0 0 0 

solution :50
0 0 0 1 0 0 0 0 
0 0 0 0 0 0 1 0 
0 0 0 0 1 0 0 0 
0 0 1 0 0 0 0 0 
1 0 0 0 0 0 0 0 
0 0 0 0 0 1 0 0 
0 0 0 0 0 0 0 1 
0 1 0 0 0 0 0 0 

solution :51
0 0 0 1 0 0 0 0 
0 0 0 0 0 0 1 0 
0 0 0 0 1 0 0 0 
0 1 0 0 0 0 0 0 
0 0 0 0 0 1 0 0 
1 0 0 0 0 0 0 0 
0 0 1 0 0 0 0 0 
0 0 0 0 0 0 0 1 

solution :52
0 0 0 1 0 0 0 0 
0 0 0 0 0 0 1 0 
0 0 1 0 0 0 0 0 
0 0 0 0 0 0 0 1 
0 1 0 0 0 0 0 0 
0 0 0 0 1 0 0 0 
1 0 0 0 0 0 0 0 
0 0 0 0 0 1 0 0 

solution :53
0 0 0 1 0 0 0 0 
0 0 0 0 0 0 1 0 
1 0 0 0 0 0 0 0 
0 0 0 0 0 0 0 1 
0 0 0 0 1 0 0 0 
0 1 0 0 0 0 0 0 
0 0 0 0 0 1 0 0 
0 0 1 0 0 0 0 0 

solution :54
0 0 0 1 0 0 0 0 
0 0 0 0 0 1 0 0 
0 0 0 0 0 0 0 1 
0 0 1 0 0 0 0 0 
1 0 0 0 0 0 0 0 
0 0 0 0 0 0 1 0 
0 0 0 0 1 0 0 0 
0 1 0 0 0 0 0 0 

solution :55
0 0 0 1 0 0 0 0 
0 0 0 0 0 1 0 0 
0 0 0 0 0 0 0 1 
0 1 0 0 0 0 0 0 
0 0 0 0 0 0 1 0 
1 0 0 0 0 0 0 0 
0 0 1 0 0 0 0 0 
0 0 0 0 1 0 0 0 

solution :56
0 0 0 1 0 0 0 0 
0 0 0 0 0 1 0 0 
1 0 0 0 0 0 0 0 
0 0 0 0 1 0 0 0 
0 1 0 0 0 0 0 0 
0 0 0 0 0 0 0 1 
0 0 1 0 0 0 0 0 
0 0 0 0 0 0 1 0 

solution :57
0 0 0 1 0 0 0 0 
0 1 0 0 0 0 0 0 
0 0 0 0 0 0 0 1 
0 0 0 0 0 1 0 0 
1 0 0 0 0 0 0 0 
0 0 1 0 0 0 0 0 
0 0 0 0 1 0 0 0 
0 0 0 0 0 0 1 0 

solution :58
0 0 0 1 0 0 0 0 
0 1 0 0 0 0 0 0 
0 0 0 0 0 0 0 1 
0 0 0 0 1 0 0 0 
0 0 0 0 0 0 1 0 
1 0 0 0 0 0 0 0 
0 0 1 0 0 0 0 0 
0 0 0 0 0 1 0 0 

solution :59
0 0 0 1 0 0 0 0 
0 1 0 0 0 0 0 0 
0 0 0 0 0 0 1 0 
0 0 0 0 1 0 0 0 
1 0 0 0 0 0 0 0 
0 0 0 0 0 0 0 1 
0 0 0 0 0 1 0 0 
0 0 1 0 0 0 0 0 

solution :60
0 0 0 1 0 0 0 0 
0 1 0 0 0 0 0 0 
0 0 0 0 0 0 1 0 
0 0 1 0 0 0 0 0 
0 0 0 0 0 1 0 0 
0 0 0 0 0 0 0 1 
0 0 0 0 1 0 0 0 
1 0 0 0 0 0 0 0 

solution :61
0 0 0 1 0 0 0 0 
0 1 0 0 0 0 0 0 
0 0 0 0 0 0 1 0 
0 0 1 0 0 0 0 0 
0 0 0 0 0 1 0 0 
0 0 0 0 0 0 0 1 
1 0 0 0 0 0 0 0 
0 0 0 0 1 0 0 0 

solution :62
0 0 0 1 0 0 0 0 
0 1 0 0 0 0 0 0 
0 0 0 0 1 0 0 0 
0 0 0 0 0 0 0 1 
0 0 0 0 0 1 0 0 
1 0 0 0 0 0 0 0 
0 0 1 0 0 0 0 0 
0 0 0 0 0 0 1 0 

solution :63
0 0 0 1 0 0 0 0 
1 0 0 0 0 0 0 0 
0 0 0 0 1 0 0 0 
0 0 0 0 0 0 0 1 
0 0 0 0 0 1 0 0 
0 0 1 0 0 0 0 0 
0 0 0 0 0 0 1 0 
0 1 0 0 0 0 0 0 

solution :64
0 0 0 1 0 0 0 0 
1 0 0 0 0 0 0 0 
0 0 0 0 1 0 0 0 
0 0 0 0 0 0 0 1 
0 1 0 0 0 0 0 0 
0 0 0 0 0 0 1 0 
0 0 1 0 0 0 0 0 
0 0 0 0 0 1 0 0 

solution :65
0 0 1 0 0 0 0 0 
0 0 0 0 0 0 0 1 
0 0 0 1 0 0 0 0 
0 0 0 0 0 0 1 0 
1 0 0 0 0 0 0 0 
0 0 0 0 0 1 0 0 
0 1 0 0 0 0 0 0 
0 0 0 0 1 0 0 0 

solution :66
0 0 1 0 0 0 0 0 
0 0 0 0 0 0 1 0 
0 1 0 0 0 0 0 0 
0 0 0 0 0 0 0 1 
0 0 0 0 0 1 0 0 
0 0 0 1 0 0 0 0 
1 0 0 0 0 0 0 0 
0 0 0 0 1 0 0 0 

solution :67
0 0 1 0 0 0 0 0 
0 0 0 0 0 0 1 0 
0 1 0 0 0 0 0 0 
0 0 0 0 0 0 0 1 
0 0 0 0 1 0 0 0 
1 0 0 0 0 0 0 0 
0 0 0 1 0 0 0 0 
0 0 0 0 0 1 0 0 

solution :68
0 0 1 0 0 0 0 0 
0 0 0 0 0 1 0 0 
0 0 0 0 0 0 0 1 
0 1 0 0 0 0 0 0 
0 0 0 1 0 0 0 0 
1 0 0 0 0 0 0 0 
0 0 0 0 0 0 1 0 
0 0 0 0 1 0 0 0 

solution :69
0 0 1 0 0 0 0 0 
0 0 0 0 0 1 0 0 
0 0 0 0 0 0 0 1 
1 0 0 0 0 0 0 0 
0 0 0 0 1 0 0 0 
0 0 0 0 0 0 1 0 
0 1 0 0 0 0 0 0 
0 0 0 1 0 0 0 0 

solution :70
0 0 1 0 0 0 0 0 
0 0 0 0 0 1 0 0 
0 0 0 0 0 0 0 1 
1 0 0 0 0 0 0 0 
0 0 0 1 0 0 0 0 
0 0 0 0 0 0 1 0 
0 0 0 0 1 0 0 0 
0 1 0 0 0 0 0 0 

solution :71
0 0 1 0 0 0 0 0 
0 0 0 0 0 1 0 0 
0 0 0 1 0 0 0 0 
0 1 0 0 0 0 0 0 
0 0 0 0 0 0 0 1 
0 0 0 0 1 0 0 0 
0 0 0 0 0 0 1 0 
1 0 0 0 0 0 0 0 

solution :72
0 0 1 0 0 0 0 0 
0 0 0 0 0 1 0 0 
0 0 0 1 0 0 0 0 
1 0 0 0 0 0 0 0 
0 0 0 0 0 0 0 1 
0 0 0 0 1 0 0 0 
0 0 0 0 0 0 1 0 
0 1 0 0 0 0 0 0 

solution :73
0 0 1 0 0 0 0 0 
0 0 0 0 0 1 0 0 
0 1 0 0 0 0 0 0 
0 0 0 0 0 0 1 0 
0 0 0 0 1 0 0 0 
1 0 0 0 0 0 0 0 
0 0 0 0 0 0 0 1 
0 0 0 1 0 0 0 0 

solution :74
0 0 1 0 0 0 0 0 
0 0 0 0 0 1 0 0 
0 1 0 0 0 0 0 0 
0 0 0 0 0 0 1 0 
1 0 0 0 0 0 0 0 
0 0 0 1 0 0 0 0 
0 0 0 0 0 0 0 1 
0 0 0 0 1 0 0 0 

solution :75
0 0 1 0 0 0 0 0 
0 0 0 0 0 1 0 0 
0 1 0 0 0 0 0 0 
0 0 0 0 1 0 0 0 
0 0 0 0 0 0 0 1 
1 0 0 0 0 0 0 0 
0 0 0 0 0 0 1 0 
0 0 0 1 0 0 0 0 

solution :76
0 0 1 0 0 0 0 0 
0 0 0 0 1 0 0 0 
0 0 0 0 0 0 0 1 
0 0 0 1 0 0 0 0 
1 0 0 0 0 0 0 0 
0 0 0 0 0 0 1 0 
0 1 0 0 0 0 0 0 
0 0 0 0 0 1 0 0 

solution :77
0 0 1 0 0 0 0 0 
0 0 0 0 1 0 0 0 
0 0 0 0 0 0 1 0 
1 0 0 0 0 0 0 0 
0 0 0 1 0 0 0 0 
0 1 0 0 0 0 0 0 
0 0 0 0 0 0 0 1 
0 0 0 0 0 1 0 0 

solution :78
0 0 1 0 0 0 0 0 
0 0 0 0 1 0 0 0 
0 1 0 0 0 0 0 0 
0 0 0 0 0 0 0 1 
0 0 0 0 0 1 0 0 
0 0 0 1 0 0 0 0 
0 0 0 0 0 0 1 0 
1 0 0 0 0 0 0 0 

solution :79
0 0 1 0 0 0 0 0 
0 0 0 0 1 0 0 0 
0 1 0 0 0 0 0 0 
0 0 0 0 0 0 0 1 
1 0 0 0 0 0 0 0 
0 0 0 0 0 0 1 0 
0 0 0 1 0 0 0 0 
0 0 0 0 0 1 0 0 

solution :80
0 0 1 0 0 0 0 0 
1 0 0 0 0 0 0 0 
0 0 0 0 0 0 1 0 
0 0 0 0 1 0 0 0 
0 0 0 0 0 0 0 1 
0 1 0 0 0 0 0 0 
0 0 0 1 0 0 0 0 
0 0 0 0 0 1 0 0 

solution :81
0 1 0 0 0 0 0 0 
0 0 0 0 0 0 0 1 
0 0 0 0 0 1 0 0 
1 0 0 0 0 0 0 0 
0 0 1 0 0 0 0 0 
0 0 0 0 1 0 0 0 
0 0 0 0 0 0 1 0 
0 0 0 1 0 0 0 0 

solution :82
0 1 0 0 0 0 0 0 
0 0 0 0 0 0 1 0 
0 0 0 0 1 0 0 0 
0 0 0 0 0 0 0 1 
1 0 0 0 0 0 0 0 
0 0 0 1 0 0 0 0 
0 0 0 0 0 1 0 0 
0 0 1 0 0 0 0 0 

solution :83
0 1 0 0 0 0 0 0 
0 0 0 0 0 0 1 0 
0 0 1 0 0 0 0 0 
0 0 0 0 0 1 0 0 
0 0 0 0 0 0 0 1 
0 0 0 0 1 0 0 0 
1 0 0 0 0 0 0 0 
0 0 0 1 0 0 0 0 

solution :84
0 1 0 0 0 0 0 0 
0 0 0 0 0 1 0 0 
0 0 0 0 0 0 0 1 
0 0 1 0 0 0 0 0 
1 0 0 0 0 0 0 0 
0 0 0 1 0 0 0 0 
0 0 0 0 0 0 1 0 
0 0 0 0 1 0 0 0 

solution :85
0 1 0 0 0 0 0 0 
0 0 0 0 0 1 0 0 
1 0 0 0 0 0 0 0 
0 0 0 0 0 0 1 0 
0 0 0 1 0 0 0 0 
0 0 0 0 0 0 0 1 
0 0 1 0 0 0 0 0 
0 0 0 0 1 0 0 0 

solution :86
0 1 0 0 0 0 0 0 
0 0 0 0 1 0 0 0 
0 0 0 0 0 0 1 0 
0 0 0 1 0 0 0 0 
1 0 0 0 0 0 0 0 
0 0 0 0 0 0 0 1 
0 0 0 0 0 1 0 0 
0 0 1 0 0 0 0 0 

solution :87
0 1 0 0 0 0 0 0 
0 0 0 0 1 0 0 0 
0 0 0 0 0 0 1 0 
1 0 0 0 0 0 0 0 
0 0 1 0 0 0 0 0 
0 0 0 0 0 0 0 1 
0 0 0 0 0 1 0 0 
0 0 0 1 0 0 0 0 

solution :88
0 1 0 0 0 0 0 0 
0 0 0 1 0 0 0 0 
0 0 0 0 0 1 0 0 
0 0 0 0 0 0 0 1 
0 0 1 0 0 0 0 0 
1 0 0 0 0 0 0 0 
0 0 0 0 0 0 1 0 
0 0 0 0 1 0 0 0 

solution :89
1 0 0 0 0 0 0 0 
0 0 0 0 0 0 1 0 
0 0 0 0 1 0 0 0 
0 0 0 0 0 0 0 1 
0 1 0 0 0 0 0 0 
0 0 0 1 0 0 0 0 
0 0 0 0 0 1 0 0 
0 0 1 0 0 0 0 0 

solution :90
1 0 0 0 0 0 0 0 
0 0 0 0 0 0 1 0 
0 0 0 1 0 0 0 0 
0 0 0 0 0 1 0 0 
0 0 0 0 0 0 0 1 
0 1 0 0 0 0 0 0 
0 0 0 0 1 0 0 0 
0 0 1 0 0 0 0 0 

solution :91
1 0 0 0 0 0 0 0 
0 0 0 0 0 1 0 0 
0 0 0 0 0 0 0 1 
0 0 1 0 0 0 0 0 
0 0 0 0 0 0 1 0 
0 0 0 1 0 0 0 0 
0 1 0 0 0 0 0 0 
0 0 0 0 1 0 0 0 

solution :92
1 0 0 0 0 0 0 0 
0 0 0 0 1 0 0 0 
0 0 0 0 0 0 0 1 
0 0 0 0 0 1 0 0 
0 0 1 0 0 0 0 0 
0 0 0 0 0 0 1 0 
0 1 0 0 0 0 0 0 
0 0 0 1 0 0 0 0 



